Total wins:  [674942, 1007376, 868134, 949586, 950354, 867528, 1006851, 675229]
Worst game:  [(0, 4, 5, 7), (0, 1, 4, 6), (1, 2, 4, 5), (1, 3, 5, 6), (1, 2, 4, 6), (0, 2, 5, 6), (3, 4, 6, 7), (1, 3, 5, 7)]
Wins in worst game:  [12344, 12408, 12392, 12391, 12291, 12323, 12404, 12228]

Game (0, 1, 2, 3) - Wins: [24788, 25048, 25067, 25097]
Game (0, 1, 2, 4) - Wins: [12398, 12576, 33285, 41741]
Game (0, 1, 2, 5) - Wins: [28058, 27906, 12588, 31448]
Game (0, 1, 2, 6) - Wins: [18576, 18647, 18954, 43823]
Game (0, 1, 2, 7) - Wins: [24855, 24993, 25117, 25035]
Game (0, 1, 3, 4) - Wins: [12550, 12694, 33322, 41434]
Game (0, 1, 3, 5) - Wins: [28108, 27937, 12509, 31446]
Game (0, 1, 3, 6) - Wins: [24917, 25284, 24814, 24985]
Game (0, 1, 3, 7) - Wins: [28991, 29332, 29198, 12479]
Game (0, 1, 4, 5) - Wins: [12486, 12615, 37481, 37418]
Game (0, 1, 4, 6) - Wins: [12496, 12408, 25008, 50088]
Game (0, 1, 4, 7) - Wins: [12390, 12720, 44873, 30017]
Game (0, 1, 5, 6) - Wins: [21867, 21711, 18491, 37931]
Game (0, 1, 5, 7) - Wins: [26526, 26436, 28164, 18874]
Game (0, 1, 6, 7) - Wins: [25078, 25041, 24829, 25052]
Game (0, 2, 3, 4) - Wins: [12484, 31259, 31351, 24906]
Game (0, 2, 3, 5) - Wins: [24988, 25026, 25025, 24961]
Game (0, 2, 3, 6) - Wins: [18681, 28262, 27943, 25114]
Game (0, 2, 3, 7) - Wins: [21759, 32678, 33176, 12387]
Game (0, 2, 4, 5) - Wins: [12483, 18620, 34444, 34453]
Game (0, 2, 4, 6) - Wins: [12501, 24922, 12565, 50012]
Game (0, 2, 4, 7) - Wins: [12510, 32261, 26735, 28494]
Game (0, 2, 5, 6) - Wins: [18498, 22251, 12323, 46928]
Game (0, 2, 5, 7) - Wins: [25051, 25273, 24891, 24785]
Game (0, 2, 6, 7) - Wins: [18660, 27937, 26624, 26779]
Game (0, 3, 4, 5) - Wins: [12504, 18555, 34461, 34480]
Game (0, 3, 4, 6) - Wins: [12346, 33433, 29114, 25107]
Game (0, 3, 4, 7) - Wins: [12687, 37493, 37484, 12336]
Game (0, 3, 5, 6) - Wins: [24930, 24990, 25186, 24894]
Game (0, 3, 5, 7) - Wins: [28335, 26998, 32305, 12362]
Game (0, 3, 6, 7) - Wins: [29976, 45010, 12511, 12503]
Game (0, 4, 5, 6) - Wins: [12461, 21769, 21838, 43932]
Game (0, 4, 5, 7) - Wins: [12344, 33001, 32876, 21779]
Game (0, 4, 6, 7) - Wins: [12591, 29002, 29269, 29138]
Game (0, 5, 6, 7) - Wins: [25069, 24989, 25069, 24873]
Game (1, 2, 3, 4) - Wins: [25104, 25135, 24928, 24833]
Game (1, 2, 3, 5) - Wins: [49984, 12557, 12491, 24968]
Game (1, 2, 3, 6) - Wins: [37705, 18737, 18404, 25154]
Game (1, 2, 3, 7) - Wins: [44073, 21884, 21656, 12387]
Game (1, 2, 4, 5) - Wins: [24850, 12392, 31213, 31545]
Game (1, 2, 4, 6) - Wins: [25088, 18944, 12291, 43677]
Game (1, 2, 4, 7) - Wins: [25050, 24976, 25073, 24901]
Game (1, 2, 5, 6) - Wins: [37408, 12607, 12655, 37330]
Game (1, 2, 5, 7) - Wins: [46903, 12403, 21891, 18803]
Game (1, 2, 6, 7) - Wins: [37395, 18883, 21952, 21770]
Game (1, 3, 4, 5) - Wins: [25109, 12478, 31335, 31078]
Game (1, 3, 4, 6) - Wins: [24995, 24925, 25056, 25024]
Game (1, 3, 4, 7) - Wins: [25275, 29295, 33113, 12317]
Game (1, 3, 5, 6) - Wins: [43920, 12391, 18824, 24865]
Game (1, 3, 5, 7) - Wins: [50317, 12496, 24959, 12228]
Game (1, 3, 6, 7) - Wins: [50159, 24893, 12406, 12542]
Game (1, 4, 5, 6) - Wins: [24807, 18801, 18664, 37728]
Game (1, 4, 5, 7) - Wins: [24929, 28080, 28215, 18776]
Game (1, 4, 6, 7) - Wins: [25163, 24974, 24934, 24929]
Game (1, 5, 6, 7) - Wins: [43794, 18720, 18876, 18610]
Game (2, 3, 4, 5) - Wins: [24975, 25067, 24983, 24975]
Game (2, 3, 4, 6) - Wins: [31117, 31271, 12669, 24943]
Game (2, 3, 4, 7) - Wins: [34064, 34455, 18876, 12605]
Game (2, 3, 5, 6) - Wins: [31308, 31309, 12481, 24902]
Game (2, 3, 5, 7) - Wins: [34335, 34030, 18967, 12668]
Game (2, 3, 6, 7) - Wins: [37437, 37433, 12726, 12404]
Game (2, 4, 5, 6) - Wins: [25260, 12410, 12436, 49894]
Game (2, 4, 5, 7) - Wins: [24839, 25220, 24907, 25034]
Game (2, 4, 6, 7) - Wins: [31514, 12444, 28156, 27886]
Game (2, 5, 6, 7) - Wins: [31267, 12466, 28261, 28006]
Game (3, 4, 5, 6) - Wins: [25119, 24793, 25086, 25002]
Game (3, 4, 5, 7) - Wins: [24914, 31368, 31294, 12424]
Game (3, 4, 6, 7) - Wins: [41528, 33552, 12404, 12516]
Game (3, 5, 6, 7) - Wins: [41589, 33379, 12548, 12484]
Game (4, 5, 6, 7) - Wins: [25252, 24749, 24953, 25046]
