Total wins:  [5811, 7989, 6975, 7268, 7291, 7061, 7916, 5689]
Worst game:  [[7, 5, 4, 1, 0], [7, 6, 4, 1, 0], [5, 3, 2, 1, 0], [7, 5, 3, 2, 1], [6, 4, 3, 2, 1], [6, 5, 3, 2, 1], [7, 6, 4, 3, 1], [7, 6, 4, 3, 2]]
Wins in worst game:  [106, 116, 108, 112, 109, 107, 117, 102]

Game [4, 3, 2, 1, 0] - Wins: [261, 259, 246, 118, 116]
Game [5, 3, 2, 1, 0] - Wins: [242, 132, 108, 270, 248]
Game [6, 3, 2, 1, 0] - Wins: [230, 186, 200, 175, 209]
Game [7, 3, 2, 1, 0] - Wins: [119, 217, 220, 205, 239]
Game [5, 4, 2, 1, 0] - Wins: [312, 309, 135, 126, 118]
Game [6, 4, 2, 1, 0] - Wins: [444, 114, 193, 128, 121]
Game [7, 4, 2, 1, 0] - Wins: [242, 249, 236, 123, 150]
Game [6, 5, 2, 1, 0] - Wins: [366, 136, 111, 208, 179]
Game [7, 5, 2, 1, 0] - Wins: [210, 210, 115, 223, 242]
Game [7, 6, 2, 1, 0] - Wins: [224, 222, 187, 186, 181]
Game [5, 4, 3, 1, 0] - Wins: [323, 295, 121, 129, 132]
Game [6, 4, 3, 1, 0] - Wins: [256, 239, 262, 122, 121]
Game [7, 4, 3, 1, 0] - Wins: [136, 332, 286, 129, 117]
Game [6, 5, 3, 1, 0] - Wins: [248, 184, 115, 229, 224]
Game [7, 5, 3, 1, 0] - Wins: [119, 282, 119, 247, 233]
Game [7, 6, 3, 1, 0] - Wins: [118, 135, 239, 241, 267]
Game [6, 5, 4, 1, 0] - Wins: [351, 191, 200, 131, 127]
Game [7, 5, 4, 1, 0] - Wins: [204, 285, 282, 123, 106]
Game [7, 6, 4, 1, 0] - Wins: [247, 255, 257, 116, 125]
Game [7, 6, 5, 1, 0] - Wins: [188, 184, 181, 212, 235]
Game [5, 4, 3, 2, 0] - Wins: [276, 250, 144, 182, 148]
Game [6, 4, 3, 2, 0] - Wins: [247, 111, 249, 256, 137]
Game [7, 4, 3, 2, 0] - Wins: [121, 208, 292, 267, 112]
Game [6, 5, 3, 2, 0] - Wins: [230, 130, 230, 227, 183]
Game [7, 5, 3, 2, 0] - Wins: [121, 186, 225, 224, 244]
Game [7, 6, 3, 2, 0] - Wins: [128, 139, 291, 270, 172]
Game [6, 5, 4, 2, 0] - Wins: [430, 108, 143, 191, 128]
Game [7, 5, 4, 2, 0] - Wins: [203, 227, 242, 193, 135]
Game [7, 6, 4, 2, 0] - Wins: [251, 245, 133, 236, 135]
Game [7, 6, 5, 2, 0] - Wins: [217, 248, 137, 219, 179]
Game [6, 5, 4, 3, 0] - Wins: [267, 205, 225, 197, 106]
Game [7, 5, 4, 3, 0] - Wins: [122, 290, 276, 185, 127]
Game [7, 6, 4, 3, 0] - Wins: [118, 144, 267, 350, 121]
Game [7, 6, 5, 3, 0] - Wins: [124, 125, 261, 239, 251]
Game [7, 6, 5, 4, 0] - Wins: [225, 218, 200, 214, 143]
Game [5, 4, 3, 2, 1] - Wins: [238, 252, 130, 116, 264]
Game [6, 4, 3, 2, 1] - Wins: [249, 109, 182, 208, 252]
Game [7, 4, 3, 2, 1] - Wins: [129, 226, 193, 206, 246]
Game [6, 5, 3, 2, 1] - Wins: [237, 107, 130, 110, 416]
Game [7, 5, 3, 2, 1] - Wins: [125, 215, 112, 119, 429]
Game [7, 6, 3, 2, 1] - Wins: [131, 118, 181, 189, 381]
Game [6, 5, 4, 2, 1] - Wins: [358, 137, 136, 125, 244]
Game [7, 5, 4, 2, 1] - Wins: [184, 221, 210, 125, 260]
Game [7, 6, 4, 2, 1] - Wins: [216, 234, 120, 192, 238]
Game [7, 6, 5, 2, 1] - Wins: [170, 185, 113, 151, 381]
Game [6, 5, 4, 3, 1] - Wins: [262, 187, 199, 115, 237]
Game [7, 5, 4, 3, 1] - Wins: [127, 265, 247, 118, 243]
Game [7, 6, 4, 3, 1] - Wins: [132, 117, 254, 236, 261]
Game [7, 6, 5, 3, 1] - Wins: [132, 133, 182, 113, 440]
Game [7, 6, 5, 4, 1] - Wins: [173, 189, 196, 186, 256]
Game [6, 5, 4, 3, 2] - Wins: [252, 128, 111, 249, 260]
Game [7, 5, 4, 3, 2] - Wins: [134, 179, 173, 265, 249]
Game [7, 6, 4, 3, 2] - Wins: [102, 136, 120, 330, 312]
Game [7, 6, 5, 3, 2] - Wins: [121, 117, 114, 317, 331]
Game [7, 6, 5, 4, 2] - Wins: [243, 221, 155, 115, 266]
Game [7, 6, 5, 4, 3] - Wins: [133, 124, 258, 226, 259]
